
TEAM,W,L,PTS,2PM,2PA,3PM,3PA,FGM,FGA,FTM,ORB,DRB,AST,TOV,ST,BLK
Olympiacos Piraeus,24,10,2857,684,1124,338,900,1022,2024,475,328,815,740,441,261,72
FC Barcelona,23,11,2751,628,1152,342,848,970,2000,469,359,807,660,441,196,69
Real Madrid,23,11,2911,698,1211,315,851,1013,2062,570,339,909,667,447,200,145
AS Monaco Basket,21,13,2832,784,1435,228,719,1012,2154,580,422,734,527,361,248,71
KK Partizan,20,14,2896,719,1281,285,720,1004,2001,603,311,706,493,383,220,86
Maccabi Tel Aviv BC,20,14,2841,744,1347,300,868,1044,2215,453,409,792,558,380,229,108
BC Zalgiris,19,15,2591,643,1243,274,753,917,1996,483,384,761,478,440,204,89
Fenerbahçe SK,19,15,2863,725,1278,332,893,1057,2171,417,395,749,617,407,225,59
Baskonia Vitoria-Gasteiz,18,16,2949,683,1190,367,1012,1050,2202,482,358,810,670,373,239,95
KK Crvena zvezda,17,17,2626,657,1205,281,832,938,2037,469,354,760,575,426,226,56
Anadolu Efes Istanbul,17,17,2823,667,1163,344,884,1011,2047,457,274,813,541,371,212,99
Valencia Basket,15,19,2782,623,1134,354,965,977,2099,474,330,731,597,450,228,55
Olimpia Milano,15,19,2543,594,1117,310,865,904,1982,425,293,813,553,419,204,68
Virtus Bologna,14,20,2653,628,1151,301,805,929,1956,494,271,776,661,494,242,71
Panathinaikos Athlitikos Omilos,11,23,2696,619,1223,305,841,924,2064,543,335,760,496,405,223,79
FC Bayern Munich,11,23,2605,560,1169,325,934,885,2103,510,391,768,466,392,213,77
ALBA Berlin,11,23,2723,673,1253,319,932,992,2185,420,403,823,675,492,230,109
ASVEL Villeurbanne,8,26,2527,671,1253,249,750,920,2003,438,302,732,491,463,222,70
