
TEAM,W,L,PTS,2PM,2PA,3PM,3PA,FGM,FGA,FTM,ORB,DRB,AST,TOV,ST,BLK
FC Barcelona,24,8,2652,655,1199,295,715,950,1914,457,333,779,599,446,195,57
Real Madrid,22,11,2590,642,1213,313,892,955,2105,367,388,881,593,423,209,101
Olimpia Milano,21,11,2368,573,1112,288,807,861,1919,358,310,754,512,370,195,72
Olympiacos Piraeus,20,11,2492,615,1067,280,793,895,1860,422,281,759,541,362,200,76
AS Monaco Basket,19,14,2771,739,1362,278,748,1017,2110,459,353,774,508,370,233,74
Anadolu Efes Istanbul,18,16,2824,679,1195,338,912,1017,2107,452,302,809,593,379,220,90
Maccabi Tel Aviv BC,18,14,2574,663,1223,264,731,927,1954,456,292,730,528,381,242,67
PBC CSKA Moscow,14,10,1940,455,879,238,667,693,1546,316,299,533,398,281,152,63
KK Crvena zvezda,14,19,2434,657,1244,235,721,892,1965,415,368,702,540,406,226,46
ALBA Berlin,14,20,2577,631,1230,313,856,944,2086,376,374,791,585,465,220,73
BC Zenit Saint Petersburg,14,9,1703,422,799,196,548,618,1347,271,236,543,348,301,124,62
FC Bayern Munich,14,17,2338,541,1044,285,768,826,1812,401,295,651,429,337,189,48
Fenerbahçe SK,13,18,2308,626,1095,233,713,859,1808,357,286,703,561,413,245,61
BC UNICS,13,12,1917,496,960,224,597,720,1557,253,246,569,412,328,235,47
Baskonia Vitoria-Gasteiz,12,20,2395,610,1171,279,803,889,1974,338,320,801,562,394,168,78
Panathinaikos Athlitikos Omilos,10,22,2382,620,1155,245,738,865,1893,407,277,762,487,401,172,100
ASVEL Villeurbanne,10,22,2335,685,1299,213,614,898,1913,326,278,722,449,424,221,91
BC Zalgiris,8,24,2337,579,1127,270,765,849,1892,369,313,698,532,397,178,59
