
TEAM,W,L,PTS,2PM,2PA,3PM,3PA,FGM,FGA,FTM,ORB,DRB,AST,TOV,ST,BLK
Real Madrid,27,7,2999,711,1240,343,918,1054,2158,548,335,916,696,422,215,119
AS Monaco Basket,23,11,2785,743,1403,269,763,1012,2166,492,383,782,547,340,236,61
Panathinaikos Athlitikos Omilos,23,11,2774,676,1240,305,801,981,2041,507,337,803,562,433,244,92
FC Barcelona,22,12,2812,759,1352,292,798,1051,2150,418,384,840,659,433,210,83
Olympiacos Piraeus,22,12,2685,641,1152,320,857,961,2009,443,320,777,657,386,238,96
Fenerbahçe SK,20,14,2894,649,1151,382,976,1031,2127,450,344,790,616,408,196,82
Maccabi Tel Aviv BC,20,14,2983,781,1464,295,810,1076,2274,536,443,782,666,418,249,106
Baskonia Vitoria-Gasteiz,18,16,2864,664,1197,353,963,1017,2160,477,351,847,640,423,185,79
Virtus Bologna,17,17,2728,666,1227,319,882,985,2109,439,320,782,640,411,224,85
Anadolu Efes Istanbul,17,17,2928,735,1309,339,911,1074,2220,441,345,754,610,351,237,105
KK Partizan,16,18,2822,750,1282,273,755,1023,2037,503,310,741,514,423,223,79
Olimpia Milano,15,19,2659,615,1116,341,930,956,2046,406,302,791,554,423,238,72
Valencia Basket,14,20,2582,686,1309,247,754,933,2063,469,345,823,550,463,220,62
BC Zalgiris,14,20,2702,646,1217,331,851,977,2068,417,331,753,532,428,221,59
FC Bayern Munich,13,21,2674,649,1215,336,938,985,2153,368,364,840,547,443,206,89
KK Crvena zvezda,11,23,2764,680,1239,314,920,994,2159,462,403,777,629,411,224,84
ASVEL Villeurbanne,9,25,2674,744,1389,244,723,988,2112,454,350,805,605,440,205,55
ALBA Berlin,5,29,2591,641,1261,302,860,943,2121,403,368,735,560,513,238,73
