
TEAM,W,L,PTS,2PM,2PA,3PM,3PA,FGM,FGA,FTM,ORB,DRB,AST,TOV,ST,BLK
Olympiacos Piraeus,24,10,2954,689,1195,331,880,1020,2075,583,366,772,725,397,219,80
Fenerbahçe SK,23,11,2829,601,1140,382,1009,983,2149,481,402,805,585,430,207,86
Panathinaikos Athlitikos Omilos,22,12,3005,745,1267,334,862,1079,2129,513,349,823,660,390,234,92
AS Monaco Basket,21,13,2935,772,1390,275,765,1047,2155,566,353,783,641,359,232,100
Real Madrid,20,14,2893,717,1198,317,953,1034,2151,508,361,897,637,450,196,98
FC Barcelona,20,14,2996,802,1388,327,842,1129,2230,411,344,803,681,401,256,67
Anadolu Efes Istanbul,20,14,2950,770,1305,319,821,1089,2126,453,350,789,644,415,230,132
FC Bayern Munich,19,15,2965,616,1058,426,1091,1042,2149,455,348,741,641,456,224,41
Paris Basketball,19,15,2940,691,1270,362,1025,1053,2295,472,402,785,540,352,223,68
KK Crvena zvezda,18,16,2814,676,1239,323,882,999,2121,493,378,770,677,420,213,62
Olimpia Milano,17,17,2905,647,1198,339,858,986,2056,594,300,785,587,410,218,68
KK Partizan,16,18,2780,703,1297,305,817,1008,2114,459,368,732,610,367,246,101
BC Zalgiris,15,19,2632,577,1106,325,948,902,2054,503,375,775,519,431,203,92
Baskonia Vitoria-Gasteiz,14,20,2807,713,1305,306,888,1019,2193,463,417,813,617,411,185,100
ASVEL Villeurbanne,13,21,2751,640,1186,309,847,949,2033,544,344,766,605,469,223,81
Maccabi Tel Aviv BC,11,23,2921,782,1432,274,765,1056,2197,535,413,788,646,444,209,53
Virtus Bologna,9,25,2693,688,1251,258,827,946,2078,543,338,756,630,407,209,79
ALBA Berlin,5,29,2673,768,1406,246,818,1014,2224,399,398,772,669,526,219,70
